pullseccret: !vault |
          $ANSIBLE_VAULT;1.1;AES256
          61326265333939353231336366336162653866623837316630383937383137343038343731656533
          6461393934653835303938303534313637623235656639650a643264616162333032313934356539
          33303134356236663465393062656436623336626433323563616530373135386636653837623439
          6634323364333432650a616236333838643963333131353634656334643831353864373832633333
          38356532623636396633343934643335363662626264343839316137613032343765356161303061
          32656162333333336466323639626364653764386562643232306430343663313163313534346436
          36316330333537356437633034613036346137373333326263313930393837376464613132633566
          33633161633237623937393262363333363037316438313439343264616637343834653165386662
          33393364356362306230393364363562313138653738666232326430376239623861396430626264
          37306361316534323238623339613530333236356364623337303361353261346139373061343038
          66393732656638353762653163333433636431643634386136323064373137373738383233303964
          37663438333635356633396466356533663264343230393037386263336264623137366661663532
          39316361313662313434626361616636393334363266376364313736393566656636666137646231
          39656133633463386538643865303162623264633833316536343465303637663031393330623563
          34646332313735646561383437363534666163613338636361306635656338336431373963393334
          66633836396630643434633035396662333033336630626264646138383965303233613839333766
          62353130356237656134663936363437343065666534313833366362653135386638383937336439
          35363662613438396665333265633831373563303136623633613039393635633232336339313637
          34666533353937353930653838353731653638653433623865386166303935366265616239326634
          61336234663639373532636661636239386462613831393765316338313538353138383433306431
          66353535643534333534656237333962363933653361626637626630616231666138616663323634
          62633762626635353534666466366230663135643139656336643731356130343339656134666132
          39633432643730636639386430363561323866626339386432306539616366643431306636636163
          30623932343762643861353538393532313261643934656232666463363461646561653539303733
          65383061306365343933383734363964303334313262316138356633323234613838643937333939
          62313538626662656562666563646336393562386166336366393734383962346561613132666265
          38363433656238613532303339613762646465336338316134316638623764396236323333386665
          32383065656131376362333234316432666161623237663531313630333435386263613031333566
          38666531356463393931616439303232646236626264373032383965363837623766653034363938
          36303865313832386538343761366561626332346261613766356433633337373064353434623566
          37343331653734346165613765303961396562313162643166393631663137333332663363346564
          39343037396664306661393566373737323834346538343937383836393066666633373364396135
          34323531656638363534313135313030316337393239396139346665353330613533613337666361
          64613831383430396331383461323238616664326434626430313237393737626561363039336630
          62343139366562353838623532343762303335613839653839313365646139643463613561626637
          32666330313239303732383263353161653639653838336138323036313163373535633365313464
          66656564376635623433303062643066343961343332373262353039626232613362393865393631
          64376337303633333334353431656534376235613666363761663064353433346234376234336632
          33633933313336643132656434303933393035663633663230323236343532356266396235303430
          64343963613233663834366664626566323432653236366531326431666234333961373563323137
          33373335646565333566303030383836346230656130363036323362373932626431643930656632
          31623761383962303932326364343739666365656265666161313437313862666633636636633766
          37633634346334363636616230303938393864316264623966343162643563306235313933316563
          33616336333161373362353335643931386139653437646234643530323334393238303838316234
          63613835343439306137363030663839666433363833366630623465303635626335616662396435
          39326463383561363163373030363065393263333034376662373634396666653434626361393939
          33636536363139323436336431326234663133633438303639633865326563323365303939623866
          36313734633839663935376533326462303064333862313664666335643737333539326331396337
          37343565373766366637383262373037383065396566336564626532353234633138356237343464
          65333232636463303166656664663466333737373937343732383962376462313439613035366537
          61363930646233666634386339626563393036643365323235386161643930383939633065363534
          63343830323361353261376233353464643437313337386135366430333639343033336335383562
          31333834616532343636333631323965616263323939386665643139663264633730333864316236
          64626365653338333033346661613636366431306335393663333765336636646363326432646566
          63626164646433313766353537353262323432353736623334343861313735383633383363613861
          66346564306436326439323463626363343739643538303261363834366339393866346232623335
          61343762396330343330393234656462646634343534666162643931373163366437356233633735
          64626664383437616562393836303661383865376334633330396337333834613665313431313730
          65346461316135396539626336393461386432336662363237656632663932663030323538396266
          30626663323864303332393730373231663863396532653530393866363236353064323362626436
          39623331346262303265336262663663393237316135353165333638633439663935626630366636
          37323031316461656466373561323935343132613631623962366661396661366631373963306165
          33623734626137373764333063373862623038366135633462643862383563653338363832653332
          35363138383166313738636535363430336661343262333934363236316563346366303832356464
          61393735383964356530623566376565623264313132363065656362373235373564633465636232
          37666463396138326538633762623839376261343537623831636463316164356231616337343363
          35626362306261393739366639656130383332653335346133613166613333303231396338393631
          38653834353630653934316538633539633363303564616466366637636439656566386366313134
          30653731653330383665333837353763656461373161373930636639313737366435386466343434
          37326336653063303632663734613164366638383366336233386434396332343730396561303439
          61383738363638383138353265363866653931636166623362316465386133623833313930333865
          66356665373937356132613430376663323930666266303764386534636130303237303065373964
          65336637386666313237356562633261303833653261616537303664393338616166373461616639
          38663064376137396162633336316435353130663864326638333231626566353566396262353231
          65363130633032393733363264613338646530313964363732363938336233383864393665323366
          39396163343238336236643534346539303236306465356132666665323636623930316238343264
          65366631663030393332366665353332313765613365643061666131316265373438613234373962
          33323166623633333262363034633966636532363366393061323039386265393130656134306662
          66623031626337646336353033616636323938663064376135303661366534393436613166616435
          39336664366239396332636631386439306239623964663464313534383531326338396462326536
          61373538376164303834343934613032316131363664386431653239386337613536666339353032
          39643962376434633634393466613164396262346637326561363238623038323162393931626535
          34323830626639386632336366306434326161383062623739306433363063383835363338356638
          36623930306566656163343564316266356637666266663161383436346432336165343336633035
          61316237303066306532323836386263666333313435313064353137346636356532623234623333
          31303366383233393739363366636231316138646631643639336364653033613462306565353762
          35333466643638616163633431646264643034666633313137336433636161373435373538656532
          63383565363834383433626665323961626164353231373763663830633962663761343264663633
          38316533616632363230656536613435613336626138313066346333313266366662653461646631
          64666666333433643066316432613761356562353464636530306237653034323037393366393962
          63313464643939656539633336326363376665646262316666323432386562636137663464636233
          34306365663165653636633166646538366630353632336535313831376464656461626534303830
          66306437363630336539616262313361323666623634653366626464616430616234396165616634
          63336466646139326338323136373263633561333639373966656538616533623366383763636638
          65633864626331333165363732646436326464393539616666303362323639616563366132656461
          63636162633139303066623837363563636233306631333936363530333063633239363230643965
          37666461623765353562343464326630346639633534366663363831613763643437346563653834
          34346533323539363732363963613038623235396535306131356366303562343663633961343162
          30613061323533363962623863663337326566393738303061626631663266383065623464616564
          37623965353964336231646262656665623961383036666533363363666330613563386331393838
          62336133303864343963363263316463336135303537663233313364353462643664633230636135
          38613430346638333766373532303965363663343464623839363933303639613537666331666434
          35633030343162613030613533623235316435616431383835626239336239393965316566613838
          31666664353231333363383966333736663163383136656335343233323637343661633461356363
          32373832613730373463613565353936373530346164383439633836323630633334343861623739
          39656535336336613766666234323966666661626436386331346263393130333237316464626132
          66383362623236393365306133353964393837666137376530333835333131633836343033326132
          65323661366235663062613066383137643464316532373439343663613635666462313463356537
          36323731613632333634363437616536353933663537346666663237623835663033383264326130
          33623861396639623330653437346466326662393161353962626566343733623835363564363138
          30663930313939366666613435396262643034626139336338333432323933623130323630383037
          38343066306230633365653466656533343337393830313831643631316239386361393534633239
          35343738336533326562666463626334396131393638343330313538303739363133363164613062
          33376166396464643534643533386535333038633364623431373936376465333530363031333738
          65346137626637313534353161316361386634623336316364313738336332353738633962313136
          62313935356561376632353130366437643462613838323136313264623866636538363533656465
          34613738346363393335343633316230653439613137663830633163346232356531633265643365
          66366462353664393163366564323632333736373638346163326666383539313230643662623635
          32623362663239633139326433663661313435653862376139626364333034373831303237303738
          34303263376439343466656637323636343632366135666162663061313638336536653433373963
          30346532346630646362313865343035373134386635373835306137333630333565353532346464
          37633233376266626361636130306538353665343237386161313938373734343661323564393535
          64353437303861613935363236666132666335653466313434626539616436346366623566333166
          36623531666630623936633437333730616132376437313638663534623564353262646333623961
          63363062393339306163343064383430313035336230353030333666373461393432343339306634
          32383263366430626238383130313963393536353265613734623138396565363036383162613963
          33303932366339373161366531306362613233333430343163386236656665373532616236663734
          35333736646438353734626630643534653932666665626538666137303664663063366132636430
          38663635313536396231396636363034393531633762646137313261633439326664623863396330
          66303064666131663134653765623661343964313063353164376234393661623464383935646335
          61626238316533383363303337353337663536323839353361626439353934663239363561376333
          63336232383165313662373335386639626661343166386365393161613639663037613266396230
          33633933366163343764336235373563343432663437343238373937303364303831663566323662
          34303562316131653333393839303437353035323563613365316137306665663561636132363336
          37313132663861306337313761393364626439653337613734316239653666633730303464386664
          31626261366133653465383434633936346533333466303261356232326130353638656566643361
          34636563396531366232346333396438343634353861306562616236353834373138663061353166
          61316135663864343633333565383136653239336433323934613162666231613061613036333166
          31396136363332663131383861373632386661633032323036623661303466666536616532316433
          35343835663630373763356630373732303762386163656362656633363230383362613263333564
          3534
ocp_dir: /root/openshift
